#https://arxiv.org/pdf/1504.04376v1.pdf
#
#x err err
#
#Phot Redshift		SMass				DMass
#
#
#Phot_z z+err z-err SM SM+err SM-err DM DM+err DM-err
3.78	1.69	1.06	11.00	0.19	0.51	8.64	0.35	0.22
3.88	0.90	0.76	11.37	0.16	0.51	8.99	0.24	0.20
3.67	0.05	0.20	11.46	0.03	0.14	9.08	0.24	0.17
3.53	0.90	0.56	11.23	0.21	0.66	8.68	0.23	0.12
4.07	1.55	0.95	11.18	0.20	0.54	8.90	0.35	0.25
4.22	1.46	1.19	11.45	0.12	0.51	8.98	0.37	0.23
3.58	0.95	0.86	11.24	0.20	0.56	8.64	0.24	0.12
3.83	0.64	0.55	10.55	0.10	0.27	8.34	0.52	0.47
3.78	1.90	1.06	10.97	0.19	0.57	8.67	0.40	0.34
4.38	3.15	1.76	10.38	0.22	0.52	8.64	0.52	0.44
3.97	1.71	0.94	11.01	0.20	0.49	8.90	0.40	0.25
3.53	1.09	0.86	11.56	0.12	0.30	8.66	0.28	0.18
3.47	2.65	1.95	10.98	0.17	0.46	8.36	0.54	0.35
3.58	0.74	0.46	11.05	0.24	0.51	8.71	0.35	0.26
3.62	3.70	2.74	10.55	0.16	0.65	8.61	0.55	0.95
3.83	1.24	0.75	11.34	0.20	0.56	8.82	0.30	0.14
3.58	0.80	0.80	10.92	0.17	0.44	8.52	0.27	0.17
3.58	0.70	0.75	11.19	0.16	0.50	8.60	0.30	0.16	