#https://arxiv.org/pdf/1504.04376v1.pdf
#
#x err err
#
#Phot Redshift		SMass				DMass
#
#
#Phot_z z+err z-err SM SM+err SM-err DM DM+err DM-err
4.78	2.65	1.81	10.97	0.15	0.42	9.12	0.49	0.46
5.22	2.21	2.55	10.90	0.13	0.39	8.69	0.61	0.37
4.88	1.24	1.66	11.75	0.09	0.28	8.85	0.40	0.13
4.57	3.00	2.15	10.21	0.23	0.55	8.40	0.55	0.42
4.68	2.89	1.96	10.42	0.22	0.55	8.61	0.56	0.42
4.68	2.89	2.06	10.36	0.22	0.55	8.55	0.56	0.41
4.78	0.40	0.50	10.64	0.05	0.22	8.97	0.34	0.32
4.68	2.89	1.90	10.43	0.22	0.54	8.63	0.56	0.42
4.62	2.95	2.00	10.36	0.23	0.55	8.55	0.56	0.40
4.57	3.00	2.15	10.21	0.22	0.57	8.40	0.56	0.42	