#https://arxiv.org/pdf/1504.04376v1.pdf
#
#x err err
#
#Phot Redshift		SMass				DMass
#
#
#Phot_z z+err z-err SM SM+err SM-err DM DM+err DM-err
4.78	2.65	1.81	10.97	0.15	0.42	9.12	0.49	0.46
5.22	2.21	2.55	10.90	0.13	0.39	8.69	0.61	0.37
3.12	1.10	1.85	10.41	0.41	0.88	8.39	0.44	0.24
3.12	0.41	1.70	10.72	0.01	0.62	8.68	0.20	0.18
3.78	1.69	1.06	11.00	0.19	0.51	8.64	0.35	0.22
3.88	0.90	0.76	11.37	0.16	0.51	8.99	0.24	0.20
3.67	0.05	0.20	11.46	0.03	0.14	9.08	0.24	0.17
2.88	0.15	0.10	10.83	0.01	0.01	9.17	0.02	0.20
1.98	0.60	0.50	11.36	0.06	0.24	9.16	0.12	0.19
4.88	1.24	1.66	11.75	0.09	0.28	8.85	0.40	0.13
1.42	1.41	0.01	10.08	0.01	0.01	9.09	0.01	0.14
3.03	0.25	0.45	11.46	0.10	0.85	9.22	0.07	0.24
3.22	0.75	0.60	10.92	0.11	0.28	9.39	0.19	0.22
3.38	0.24	0.26	10.96	0.13	0.32	8.98	0.21	0.15
2.67	0.36	0.69	11.49	0.15	0.39	9.39	0.18	0.20
3.42	4.11	2.34	10.43	0.17	0.63	8.51	0.54	1.00
2.12	0.35	0.60	11.37	0.01	0.55	9.33	0.14	0.20
2.03	0.30	0.20	11.89	0.03	1.29	8.99	0.15	0.25
3.53	0.90	0.56	11.23	0.21	0.66	8.68	0.23	0.12
2.17	0.36	0.75	10.40	0.17	0.49	8.64	0.29	0.56
2.42	0.46	0.75	11.60	0.09	0.26	8.85	0.25	0.23
4.07	1.55	0.95	11.18	0.20	0.54	8.90	0.35	0.25
3.08	3.85	1.75	10.28	0.22	0.62	8.47	0.47	0.93
2.67	0.50	1.25	10.53	0.73	0.09	8.96	0.21	0.16
3.62	0.95	0.54	11.48	0.15	0.50	8.76	0.17	0.14
4.22	1.46	1.19	11.45	0.12	0.51	8.98	0.37	0.23
3.58	0.95	0.86	11.24	0.20	0.56	8.64	0.24	0.12
4.57	3.00	2.15	10.21	0.23	0.55	8.40	0.55	0.42
2.72	0.36	0.25	11.30	0.07	0.30	8.49	0.25	0.15
3.83	0.64	0.55	10.55	0.10	0.27	8.34	0.52	0.47
2.33	0.50	0.35	10.65	0.09	0.19	9.03	0.13	0.13
2.17	0.61	0.65	11.35	0.20	0.52	9.06	0.26	0.26
2.97	4.46	2.40	9.86	0.51	0.79	8.42	0.73	2.42
2.08	0.50	0.60	11.31	0.09	0.20	8.72	0.26	0.30
3.17	0.86	0.59	11.71	0.11	0.26	8.93	0.22	0.22
2.83	0.14	0.05	10.58	0.12	0.22	9.04	0.04	0.12
2.67	0.66	0.25	11.02	0.15	0.36	8.28	0.21	0.21
1.33	0.19	0.10	11.17	0.07	0.24	9.16	0.09	0.13
2.28	0.25	0.20	9.97	0.27	0.21	9.05	0.15	0.14
4.68	2.89	1.96	10.42	0.22	0.55	8.61	0.56	0.42
2.33	0.14	1.06	10.15	0.04	0.88	6.38	2.11	0.38
1.98	0.60	0.50	9.92	0.27	0.13	9.00	0.12	0.42
1.48	0.25	0.21	9.76	0.10	0.24	8.73	0.16	0.22
6.12	0.26	1.44	10.58	0.02	0.25	8.57	0.62	0.22
2.08	0.20	0.46	11.20	0.01	0.19	9.26	0.13	0.07
5.68	1.79	2.76	10.74	0.17	0.48	8.91	0.56	0.48
1.98	0.49	1.00	10.07	0.35	0.27	8.71	0.12	0.27
2.08	0.30	0.35	11.38	0.30	0.84	8.87	0.19	0.13
1.52	1.06	0.25	9.81	0.087	0.20	8.62	0.25	0.64
3.78	1.90	1.06	10.97	0.19	0.57	8.67	0.40	0.34
2.83	0.50	0.80	11.43	0.11	0.29	8.99	0.33	0.36
4.38	3.15	1.76	10.38	0.22	0.52	8.64	0.52	0.44
4.68	2.89	2.06	10.36	0.22	0.55	8.55	0.56	0.41
1.58	0.64	0.20	10.63	0.00	0.22	8.84	0.33	0.00
1.77	0.21	0.39	11.39	0.18	0.35	8.71	0.19	0.07
2.28	0.39	0.80	9.64	0.132	0.42	8.27	0.45	1.87
5.82	1.65	2.79	10.95	0.14	0.41	8.93	0.61	0.44
4.78	0.40	0.50	10.64	0.05	0.22	8.97	0.34	0.32
1.62	0.85	0.24	10.68	0.28	0.72	9.04	0.20	0.27
1.98	0.24	0.10	10.48	0.00	0.21	8.76	0.23	0.07
2.28	0.60	1.11	9.28	0.22	0.73	8.11	0.59	2.06
3.97	1.71	0.94	11.01	0.20	0.49	8.90	0.40	0.25
3.53	1.09	0.86	11.56	0.12	0.30	8.66	0.28	0.18
1.88	0.01	0.00	11.71	0.00	0.37	8.35	0.12	0.17
1.83	5.24	1.21	8.38	0.61	0.38	6.94	1.96	0.94
2.58	1.14	0.41	11.12	0.04	0.75	8.73	0.29	0.29
1.48	0.50	0.10	10.01	0.05	0.04	8.92	0.23	0.85
3.47	2.65	1.95	10.98	0.17	0.46	8.36	0.54	0.35
2.72	4.06	1.74	10.75	0.19	0.55	8.34	0.43	0.54
1.48	0.10	0.21	10.01	0.15	0.09	9.11	0.11	0.26
1.73	0.44	0.15	10.77	0.21	0.18	8.89	0.23	0.57
1.38	0.45	0.30	10.29	0.14	0.45	8.35	0.16	0.40
4.68	2.89	1.90	10.43	0.22	0.54	8.63	0.56	0.42
1.58	0.15	0.06	10.06	0.17	0.00	9.13	0.01	0.18
4.28	3.10	1.80	10.64	0.14	0.40	8.58	0.53	0.40
2.47	0.61	0.64	10.89	0.13	0.45	8.52	0.38	0.20
2.42	0.25	0.20	10.42	0.05	0.31	8.76	0.14	0.25
1.58	0.84	0.85	9.16	0.26	0.63	7.71	1.16	1.71
2.38	0.24	0.55	10.29	0.06	0.34	8.92	0.22	0.33
3.33	0.01	2.00	11.87	0.12	0.21	8.72	0.32	0.03
4.62	2.95	2.00	10.36	0.23	0.55	8.55	0.56	0.40
2.42	0.30	0.44	11.61	0.07	0.14	8.75	0.27	0.21
4.57	3.00	2.15	10.21	0.22	0.57	8.40	0.56	0.42
3.42	0.36	0.45	11.00	0.09	0.39	8.28	0.32	0.21
2.22	1.06	1.24	9.33	0.23	0.83	8.24	0.51	2.24
3.58	0.74	0.46	11.05	0.24	0.51	8.71	0.35	0.26
3.62	3.70	2.74	10.55	0.16	0.65	8.61	0.55	0.95
2.72	0.25	1.14	11.01	0.15	0.31	9.28	0.20	0.19
3.42	0.96	1.75	10.92	0.18	0.51	8.55	0.39	0.18
1.58	0.59	0.16	11.32	0.14	0.27	8.66	0.13	0.26
3.83	1.24	0.75	11.34	0.20	0.56	8.82	0.30	0.14
3.58	0.80	0.80	10.92	0.17	0.44	8.52	0.27	0.17
3.58	0.70	0.75	11.19	0.16	0.50	8.60	0.30	0.16
3.47	1.41	1.49	10.76	0.15	0.33	8.53	0.37	0.22
3.47	0.91	0.50	10.41	0.10	0.21	9.34	0.25	0.26
2.03	0.19	0.45	10.89	0.21	0.21	8.71	0.15	0.10
2.42	0.80	0.94	11.13	0.16	0.52	8.91	0.31	0.31
3.42	2.01	1.00	10.43	0.27	0.77	8.45	0.41	0.35
1.88	0.65	0.50	10.07	0.80	0.08	8.44	0.52	0.49
	