#Name	Mstar	Mstar_err	Mdust1	Mdust1_up	Mdust1_down	Mdust2	Mdust2_up	Mdust2_down	Name	MHI	MHI_err	12+log(O/H)	MH2,MW	MH2,Z	
10.24	0.21	7.01	0.06	0.07	6.54	0.05	0.04	5.01E8	50.00	8.36	2.51E8	1.17E9	
9.56	0.21	6.24	0.05	0.04	5.85	0.06	0.06	3.77E8	16.08	8.23	1.26E8	1.03E9	
9.49	0.21	6.36	0.05	0.04	5.96	0.04	0.05	1.13E9	2.13	8.28	3.02E7	2.01E8	
9.50	0.21	6.21	0.05	0.04	5.80	0.04	0.06	3.10E8	6.45	8.43	9.55E7	3.21E8	
7.84	0.16	4.96	0.34	0.18	4.49	0.19	0.11	1.74E8	-99.0	7.63	2.15E6	1.18E8	
10.31	0.30	6.97	0.34	0.15	7.47	0.54	0.02	4.82E10	-99.0	8.04	5.94E8	3.26E10	
6.51	0.17	3.80	0.26	0.10	3.44	0.10	1.56	5.75E7	22.22	7.32	9.48E5	5.21E7	
9.38	0.16	5.80	0.17	0.20	4.96	0.60	0.37	-99.0	-99.0	7.79	-99.0	-99.0	
8.58	0.31	5.64	0.11	0.09	5.28	0.14	0.08	-99.0	-99.0	7.93	-99.0	-99.0	
8.05	0.24	4.90	0.99	0.27	4.49	1.12	0.24	-99.0	-99.0	7.81	-99.0	-99.0	
8.95	0.28	6.10	0.33	0.10	5.92	0.18	0.09	-99.0	-99.0	7.98	-99.0	-99.0	
7.92	0.13	3.99	0.10	0.06	3.79	0.09	0.13	3.10E8	2.27	7.60	3.82E6	2.10E8	
7.34	0.21	2.86	0.24	0.24	2.75	0.31	0.31	1.00E8	16.08	7.14	2.71E6	1.49E8	
8.44	0.02	5.49	0.15	0.12	5.08	0.11	0.10	4.41E7	4.52	8.17	4.84E6	5.27E7	
8.60	0.33	5.75	0.19	0.10	5.33	0.07	0.05	5.66E8	16.08	8.23	2.83E7	2.41E8	
10.28	0.21	7.43	0.06	0.05	7.05	0.08	0.05	1.47E10	7.91	8.10	2.84E8	4.31E9	
8.09	0.21	4.67	0.61	0.12	4.29	0.37	0.08	4.30E7	16.08	7.84	5.30E5	2.91E7	
9.06	0.21	5.21	0.09	0.07	5.16	0.09	0.07	6.81E8	-99.0	7.86	8.39E6	4.61E8	
7.46	0.21	3.68	0.21	0.11	3.31	3.75	0.11	2.76E7	6.58	7.74	3.09E6	2.50E8	
9.44	0.21	7.25	0.32	0.16	6.77	0.34	0.05	3.19E9	11.06	8.03	3.07E7	6.57E8	
9.64	0.21	6.63	0.06	0.05	6.25	0.06	0.05	3.50E9	26.71	8.38	1.91E7	8.02E7	
8.93	0.21	5.56	0.12	0.07	5.12	0.10	0.05	1.77E8	16.08	8.02	7.08E5	1.54E7	
8.34	0.34	5.26	0.22	0.12	4.74	0.17	0.14	7.67E7	12.50	8.27	-99.0	-99.0	
8.29	0.31	5.31	0.20	0.17	4.87	0.26	0.15	2.93E8	6.76	7.70	9.12E6	5.01E8	
9.03	0.21	6.32	0.11	0.07	5.87	0.13	0.10	3.76E8	16.08	8.26	1.62E6	1.16E7	
9.43	0.21	6.53	0.04	0.05	6.15	0.05	0.04	9.55E8	16.08	8.20	2.67E7	2.50E8	
8.49	0.21	5.72	0.13	0.09	5.30	0.15	0.10	4.12E8	6.27	7.89	5.90E6	3.24E8	
8.77	0.21	5.78	0.07	0.09	5.38	0.06	0.06	1.06E8	5.66	8.25	3.02E6	2.26E7	
8.73	0.21	5.73	0.07	0.07	5.31	0.08	0.06	1.10E8	18.18	8.22	4.36E6	3.72E7	
8.19	0.23	5.87	0.22	0.16	5.51	0.30	0.13	1.04E8	10.45	7.96	3.58E5	1.05E7	
7.06	0.17	5.28	0.28	0.23	4.93	0.29	0.19	2.00E6	-99.0	7.70	2.47E4	1.35E6	
8.00	0.15	3.46	23.88	0.24	3.29	2.42	0.36	4.37E8	10.27	7.25	5.67E6	3.12E8	
7.84	0.18	4.81	1.80	0.39	4.49	0.79	0.17	6.30E7	-99.0	7.44	7.76E5	4.26E7	
7.60	0.21	3.38	0.14	0.11	3.13	0.80	0.21	5.60E7	16.08	7.58	6.90E5	3.79E7	
8.42	0.39	5.69	0.04	0.03	5.05	0.13	0.12	1.00E9	48.15	7.68	1.23E7	6.77E8	
7.80	0.26	3.82	0.08	0.06	3.58	0.07	0.06	4.37E8	16.08	7.55	5.38E6	2.96E8	
9.33	0.21	5.89	0.05	0.06	5.62	0.07	0.05	3.00E9	11.29	8.05	3.70E7	2.03E9	
8.17	0.18	5.77	2.97	0.35	5.02	1.18	0.39	3.22E8	-99.0	7.52	3.97E6	2.18E8	
6.89	0.22	2.44	0.21	0.17	2.14	0.19	0.16	2.52E7	5.00	7.46	4.06E5	2.23E7	
7.99	0.00	4.50	0.19	0.11	4.16	0.12	0.08	2.15E8	4.38	7.82	4.93E6	2.71E8	
9.78	0.13	7.70	0.11	0.17	6.92	0.07	0.05	6.09E10	16.08	8.36	9.37E7	4.28E8	
10.62	0.21	7.23	0.05	0.04	6.82	0.04	0.04	6.00E9	27.63	8.32	3.55E9	1.92E10	
7.66	0.22	4.22	0.22	0.18	3.84	6.92	0.18	7.31E7	5.00	7.73	1.66E6	9.09E7	
7.21	0.21	4.06	2.27	0.14	3.66	1.77	0.16	3.25E7	8.28	7.66	6.41E5	3.52E7	
10.11	0.17	7.28	0.08	0.05	6.87	0.04	0.03	3.34E9	11.97	8.18	6.98E8	7.31E9	
10.29	0.21	7.46	0.06	0.04	7.08	0.04	0.03	3.72E9	16.08	8.35	8.71E8	4.17E9	
9.20	0.21	6.18	0.07	0.08	5.76	0.07	0.07	1.32E8	29.47	8.29	8.91E7	5.62E8	
9.97	0.20	7.89	0.05	0.07	7.49	0.07	0.17	4.56E9	16.08	8.25	6.14E8	4.66E9	
11.00	0.20	7.93	0.05	0.04	7.54	0.04	0.04	7.56E9	16.08	8.47	1.67E8	4.59E8	
10.18	0.21	6.92	0.04	0.03	6.55	0.04	0.03	-99.0	-99.0	8.29	1.33E9	8.39E9	
11.02	0.20	7.29	0.18	0.09	6.86	0.05	0.06	1.78E9	16.08	8.52	-99.0	-99.0	
11.15	0.20	6.53	0.12	0.10	6.03	0.15	0.12	-99.0	-99.0	8.29	-99.0	-99.0	
10.91	0.04	7.60	0.05	0.04	7.23	0.04	0.03	9.49E9	16.08	8.46	1.60E9	4.60E9	
10.55	0.21	7.40	0.04	0.04	7.01	0.04	0.03	8.01E8	-99.0	8.11	3.11E9	4.49E10	
10.36	0.19	7.73	0.11	0.09	7.26	0.14	0.09	7.33E9	16.08	8.56	-99.0	-99.0	
10.94	0.04	7.65	0.04	0.03	7.26	0.04	0.03	3.89E9	22.10	8.68	7.77E10	8.13E10	
8.23	0.21	4.92	0.26	0.07	4.52	0.05	0.04	4.21E8	23.95	7.72	5.18E6	2.85E8	
7.24	0.32	4.04	0.40	0.09	3.67	0.27	0.07	6.16E7	16.08	7.60	7.60E5	4.17E7	
10.36	0.25	7.11	0.04	0.04	6.73	0.03	0.04	2.13E9	16.08	8.34	3.21E9	1.61E10	
11.08	0.20	7.78	0.06	0.06	7.42	0.04	0.03	8.63E9	16.08	8.54	2.92E9	5.82E9	
8.49	0.22	5.66	0.05	0.05	5.28	0.07	0.06	3.52E8	16.08	7.94	4.34E6	2.39E8	
7.84	0.14	5.44	0.04	0.04	5.15	0.06	0.04	1.45E8	16.08	7.61	1.79E6	9.85E7	
9.32	0.21	6.33	0.27	0.06	5.95	0.04	0.04	1.27E8	16.08	8.36	5.81E7	2.66E8	
9.71	0.19	7.17	0.16	0.10	6.76	0.13	0.10	1.21E9	16.08	8.53	1.80E8	3.75E8	
9.46	0.20	6.55	0.13	0.17	5.78	0.38	0.10	8.71E8	16.08	8.52	3.80E6	8.32E6	
7.24	0.32	5.03	0.10	0.11	4.66	0.14	0.07	1.16E7	16.08	7.84	1.43E5	7.85E6	
10.74	0.20	7.25	0.04	0.04	6.89	0.04	0.05	4.27E8	36.84	8.49	3.93E8	9.87E8	
10.49	0.21	7.58	0.08	0.06	7.25	0.03	0.04	3.37E9	16.08	8.51	1.19E9	2.73E9	
10.35	0.21	7.96	0.13	0.13	7.26	0.07	0.04	6.85E9	26.71	8.34	1.30E9	6.53E9	
8.99	0.20	6.54	0.10	0.07	6.06	0.10	0.07	1.32E9	16.08	7.85	3.16E6	1.51E8	
9.55	0.21	6.42	0.12	0.09	5.99	0.11	0.07	1.75E8	38.68	8.27	4.39E8	3.04E9	
10.47	0.20	7.28	0.05	0.04	6.88	0.04	0.04	1.02E9	16.08	8.60	4.77E8	7.23E8	
10.99	0.20	7.91	0.06	0.05	7.54	0.04	0.03	8.71E9	16.08	8.39	4.77E9	1.90E10	
10.20	0.20	7.57	0.18	0.08	6.98	0.05	0.04	6.99E9	16.08	8.27	-99.0	-99.0	
10.79	0.20	7.60	0.03	0.04	7.25	0.04	0.03	8.46E8	16.08	8.34	3.21E9	1.61E10	
9.14	0.20	5.96	0.06	0.06	5.54	0.06	0.05	9.03E7	16.08	8.43	4.95E7	1.64E8	
10.60	0.19	7.72	0.07	0.06	7.34	0.04	0.03	8.00E9	16.08	8.42	4.38E9	1.52E10	
9.08	0.19	7.06	0.09	0.18	6.25	0.08	0.07	2.69E9	16.08	8.17	9.33E7	1.02E9	
10.73	0.20	7.81	0.04	0.05	7.46	0.02	0.02	3.76E9	16.08	8.45	6.82E9	2.06E10	
10.86	0.20	7.88	0.04	0.03	7.55	0.03	0.03	2.39E9	16.08	8.50	5.34E9	1.28E10	
10.44	0.19	7.60	0.06	0.08	7.19	0.06	0.07	1.73E9	16.08	8.21	1.72E9	1.57E10	
9.82	0.21	7.46	0.08	0.09	7.00	0.21	0.09	4.09E9	16.08	8.29	1.92E8	1.21E9	
10.51	0.19	7.18	0.04	0.04	6.79	0.04	0.03	1.55E8	16.08	8.58	1.14E9	1.90E9	
11.03	0.20	7.59	0.04	0.04	7.22	0.03	0.03	5.47E8	16.08	8.54	1.89E9	3.77E9	
11.19	0.20	7.28	0.10	0.07	6.96	0.07	0.03	2.60E8	16.08	8.54	2.16E8	4.31E8	
9.27	0.19	6.63	0.13	0.12	6.01	0.05	0.05	1.00E9	16.08	8.35	2.09E7	1.00E8	
10.44	0.20	7.59	0.37	0.22	7.20	0.06	0.04	8.77E9	16.08	8.12	1.10E9	1.52E10	
10.48	0.20	6.60	0.06	0.04	6.31	0.02	0.03	2.77E8	16.08	8.54	4.80E8	9.58E8	
10.77	0.20	7.76	0.06	0.05	7.46	0.03	0.04	5.59E9	16.08	8.40	2.73E9	1.04E10	
8.99	0.02	6.78	0.06	0.06	6.43	0.08	0.08	2.48E8	11.97	8.35	-99.0	-99.0	
8.60	0.20	5.64	0.04	0.04	5.20	0.07	0.05	3.22E8	16.08	7.81	3.97E6	2.18E8	
10.67	0.20	8.16	0.16	0.10	7.53	0.07	0.06	1.16E10	16.08	8.42	-99.0	-99.0	
9.17	0.17	6.79	0.12	0.07	6.36	0.11	0.07	9.71E8	24.87	8.31	5.88E7	3.38E8	
10.50	0.22	7.43	0.04	0.04	7.04	0.04	0.04	5.51E9	16.08	8.24	3.39E9	2.69E10	
10.80	0.20	6.78	0.05	0.03	6.45	0.03	0.03	2.85E8	-99.0	8.47	6.38E8	1.76E9	
10.77	0.20	7.85	0.03	0.05	7.47	0.03	0.04	3.58E9	16.08	8.40	4.50E9	1.71E10	
11.15	0.20	8.08	0.06	0.04	7.72	0.03	0.04	8.85E9	16.08	8.34	6.70E9	3.36E10	
9.72	0.19	7.24	0.08	0.09	6.79	0.13	0.15	8.75E8	16.08	8.31	-99.0	-99.0
